0 0.2668269230769231 0.5588942307692307 0.43149038461538464 0.359375
0 0.2439903846153846 0.20552884615384615 0.47716346153846156 0.21514423076923078
0 0.8533653846153846 0.1310096153846154 0.2848557692307692 0.2536057692307692
0 0.6298076923076923 0.12740384615384615 0.2644230769230769 0.24639423076923078
0 0.6322115384615384 0.40024038461538464 0.25841346153846156 0.2848557692307692
0 0.8497596153846154 0.36899038461538464 0.28966346153846156 0.24639423076923078
0 0.8401442307692307 0.6346153846153846 0.31009615384615385 0.21514423076923078
0 0.6418269230769231 0.6370192307692307 0.27884615384615385 0.10096153846153846
0 0.6670673076923077 0.9194711538461539 0.20793269230769232 0.15264423076923078
0 0.8605769230769231 0.9182692307692307 0.20793269230769232 0.15625
0 0.2692307692307692 0.9194711538461539 0.33533653846153844 0.15264423076923078