0 0.18125 0.121875 0.0421875 0.059375
0 0.259375 0.0640625 0.02890625 0.0296875
1 0.359375 0.11640625 0.02890625 0.0359375
1 0.471875 0.12734375 0.02734375 0.03359375
0 0.6015625 0.1796875 0.03515625 0.034375
0 0.51953125 0.23125 0.0390625 0.03828125
0 0.70703125 0.39609375 0.0390625 0.0328125
0 0.5484375 0.56015625 0.0359375 0.04140625
0 0.38203125 0.51484375 0.04296875 0.046875
0 0.27890625 0.44453125 0.03671875 0.04375
1 0.8421875 0.3875 0.03984375 0.0640625
1 0.775 0.121875 0.02265625 0.0296875